B 5 2 1
C 3 8 0
C 1 5 1
D 2 2 1
D 8 6 1
D 8 3 0
S 8 9
S 1 9
S 3 6
S 8 1
B 1 9 0
C 6 3 0
C 6 9 0
D 1 3 1
D 6 1 0
D 3 4 0
S 4 7
S 2 1
S 9 6
S 2 6
B 9 2 1
C 7 7 1
C 1 6 1
D 3 5 1
D 6 1 1
D 3 1 0
S 4 8
S 2 3
S 9 7
S 5 4
B 2 8 0
C 2 2 1
C 4 3 0
D 9 7 1
D 6 1 0
D 9 4 1
S 5 5
S 7 7
S 7 5
S 9 2
B 6 1 1
C 1 2 1
C 7 8 0
D 3 3 1
D 5 7 1
D 2 8 0
S 2 6
S 8 4
S 7 6
S 9 6
B 5 6 0
C 2 7 1
C 5 1 1
D 3 3 1
D 5 9 0
D 1 1 0
S 9 3
S 7 1
S 1 3
S 7 4
B 4 2 1
C 1 2 1
C 7 4 1
D 7 1 0
D 4 8 0
D 7 8 1
S 9 9
S 2 8
S 9 3
S 2 6
B 2 4 1
C 5 3 1
C 9 5 1
D 7 3 1
D 6 7 1
D 9 1 1
S 4 8
S 9 9
S 3 1
S 2 9
B 4 3 1
C 2 7 1
C 6 2 1
D 8 9 0
D 1 2 0
D 8 2 0
S 9 7
S 4 8
S 6 6
S 8 5
B 8 6 1
C 4 7 1
C 6 3 1
D 1 5 0
D 3 2 1
D 8 3 1
S 1 7
S 7 1
S 1 2
S 6 8
B 3 2 V
C 8 2 1
C 4 5 0
D 7 7 0
D 2 8 1
D 5 7 1
S 1 5
S 9 9
S 1 2
S 7 9
B 6 6 V
C 3 8 0
C 5 2 1
D 9 2 1
D 2 1 1
D 8 8 0
S 3 6
S 7 3
S 1 6
S 7 1
B 7 1 H
C 2 6 0
C 4 1 1
D 6 8 0
D 9 7 1
D 2 2 1
S 9 3
S 4 8
S 6 6
S 9 5
B 4 1 V
C 7 4 0
C 2 5 0
D 5 7 1
D 1 7 1
D 2 3 0
S 1 1
S 9 1
S 3 8
S 7 9
B 6 8 V
C 1 7 1
C 5 3 0
D 3 1 0
D 4 5 0
D 4 8 1
S 7 1
S 2 3
S 2 5
S 9 6
B 3 4 V
C 9 3 1
C 3 1 0
D 7 8 0
D 3 9 0
D 4 7 0
S 1 8
S 9 1
S 7 2
S 1 1
B 4 2 H
C 2 5 1
C 9 3 1
D 6 7 0
D 1 1 0
D 6 4 1
S 7 9
S 6 2
S 1 3
S 5 9
B 6 4 V
C 5 7 0
C 1 6 0
D 4 3 1
D 3 1 0
D 6 9 0
S 9 1
S 1 8
S 9 8
S 1 1
B 8 3 H
C 1 1 0
C 2 8 0
D 2 4 1
D 5 1 0
D 6 3 1
S 7 9
S 5 6
S 8 1
S 9 8
B 3 7 V
C 3 1 1
C 5 9 0
D 9 7 1
D 8 2 1
D 6 3 1
S 9 5
S 1 1
S 3 9
S 5 1
